0022
0006
0003
0016
0011
0017
0014
0008
0005
0021
0025
0027
0026
0019
0015
0001
0023
0002
0033
0030
0043
0038
0034
0044
0041
0040
0035
0032
0046
0042
0028
0029
0059
0060
0061
0062
0063
0064
0072
0069
0077
0073
0074
0071
0067
0068
0070
0085
0082
0086
0087
0084
0080
0081
0101
0095
0090
0096
0093
0100
0098
0094
0102
0113
0114
0115
0116
0117
0118
0119
0120
0121
0122
0123
0124
0125
0126
0127
0149
0133
0130
0143
0138
0134
0155
0144
0141
0135
0132
0156
0148
0152
0146
0142
0128
0150
0137
0189
0197
0179
0111
0192
0163
0160
0173
0168
0187
0202
0190
0164
0195
0199
0185
0174
0198
0171
0165
0162
0186
0178
0182
0194
0188
0184
0183
0200
0176
0201
0161
